A_y = [1 0.78 -0.39];
C_y = [1 1.1 -0.12 0.23];
A_u = [1 0.63];
C_u = [1 0.9 -0.7];




